a1	a2	a3	b1	b2	b3	c1	c2
624	496	509	414	394	375	325	288
615	854	930	341	523	360	359	329
553	560	745	819	490	481	480	500
525	412	401	354	321	310	258	228
484	284	315	268	282	307	270	298
482	348	400	242	365	367	81	118
476	386	365	416	247	311	229	189
469	344	386	240	351	361	75	116
453	346	388	240	355	361	76	116
406	57	162	8	36	4	27	22
391	240	286	213	239	275	233	346
372	345	439	489	296	264	305	230
369	270	262	267	241	208	210	176
362	300	273	324	181	220	200	177
351	276	268	200	185	144	132	131
311	213	291	201	155	138	287	327
263	178	67	79	131	158	43	74
262	110	218	132	185	125	63	55
246	174	215	334	163	180	219	179
241	235	229	208	191	163	182	111
240	98	101	196	186	160	163	222
195	27	48	0	19	0	4	4
177	168	208	241	226	209	329	385
177	108	115	97	80	68	138	155
167	103	87	146	175	79	208	196
150	115	140	189	165	133	247	283
147	95	120	96	78	54	140	167
142	42	12	29	15	16	37	13
136	291	274	105	86	48	50	76
135	91	0	39	65	81	0	36
134	194	163	145	116	131	84	72
130	199	173	154	119	125	88	69
130	76	100	75	58	51	141	112
125	187	146	134	110	123	75	63
125	54	53	110	44	84	69	76
118	111	232	265	121	112	104	105
116	70	74	107	52	34	37	36
115	38	57	20	23	49	8	9
99	78	18	42	112	60	26	27
99	184	214	85	125	118	124	87
95	20	10	3	4	1	3	2
92	57	79	45	46	41	77	24
89	30	2	19	9	10	5	8
84	95	141	57	85	97	149	151
76	20	8	49	24	33	16	26
75	57	49	94	80	42	10	24
70	17	8	38	15	20	9	14
67	39	42	36	33	29	41	34
66	29	18	38	25	28	24	18
65	34	57	43	29	19	77	105
63	29	16	37	25	26	0	0
63	29	6	22	19	34	22	27
62	32	66	38	30	17	71	94
59	33	80	83	71	85	94	100
59	107	123	70	89	33	78	0
57	27	28	17	26	25	37	27
56	34	48	69	31	44	19	23
53	31	40	13	22	13	25	5
51	49	45	42	33	26	1	15
51	23	23	46	60	97	37	72
51	29	22	66	18	22	25	24
50	18	188	65	31	30	271	113
48	19	26	36	34	37	30	29
48	29	17	30	42	50	22	24
47	20	19	32	40	51	44	49
47	6	51	29	20	7	260	123
46	16	5	21	13	9	2	3
46	47	25	17	46	52	36	25
45	57	87	46	36	42	22	22
45	19	37	22	31	20	41	33
44	15	56	40	37	43	42	52
43	11	2	16	10	9	2	4
42	12	5	11	7	7	2	5
41	24	15	28	26	20	12	23
41	23	21	68	44	37	28	56
40	27	40	17	36	24	43	38
40	22	35	19	30	19	28	13
39	31	20	69	62	59	73	70
38	14	0	18	10	7	3	6
37	37	36	38	28	24	6	16
37	56	42	75	79	94	20	38
37	32	22	57	59	65	62	49
36	12	0	9	7	5	0	0
36	41	17	24	21	25	0	0
36	12	15	14	19	25	16	22
36	40	40	85	29	26	9	22
36	54	64	20	21	31	0	26
35	103	116	250	270	284	344	613
35	29	25	13	31	23	51	41
35	17	11	20	23	43	13	39
35	20	64	46	22	18	59	83
34	22	26	26	20	15	15	26
33	19	17	23	14	18	2	15
33	13	11	30	16	18	10	13
33	11	32	18	25	18	39	26
32	113	60	37	53	43	23	22
32	8	4	37	14	11	6	14
32	17	28	15	21	20	23	20
32	23	6	21	12	18	3	14
32	40	37	30	33	44	20	8
31	52	94	68	71	106	71	95
31	22	65	34	47	50	104	58
31	3	20	1	3	3	12	0
31	16	23	23	21	13	28	22
30	23	21	29	21	19	0	19
30	14	84	26	51	18	400	146
30	21	20	36	19	15	19	32
30	22	19	79	73	106	46	48
30	15	16	2	22	20	15	13
29	24	20	29	21	20	11	20
29	24	90	42	57	36	286	137
29	23	16	28	9	8	8	15
29	27	16	39	37	28	26	74
29	10	21	5	10	10	4	7
28	53	25	46	29	26	18	17
28	7	7	20	11	9	5	5
28	19	24	24	29	14	15	29
28	22	57	41	18	15	52	86
28	22	18	5	7	10	0	5
27	0	36	27	18	27	0	0
27	68	126	72	45	55	90	65
27	14	8	18	12	45	3	4
27	24	15	39	58	24	35	89
26	16	23	8	8	12	24	11
26	41	20	35	33	43	7	15
26	30	18	23	33	27	12	30
26	12	14	7	15	19	12	10
25	9	5	6	5	4	4	4
25	9	22	13	17	19	40	21
25	10	58	40	10	10	102	60
25	5	8	23	5	2	1	0
25	34	53	27	31	29	48	29
25	11	6	14	16	36	1	1
25	0	4	2	4	5	0	4
24	14	15	12	11	8	4	2
24	9	64	31	15	19	163	108
24	8	95	18	32	13	481	166
24	27	22	68	66	80	40	62
24	43	23	15	23	25	12	14
24	7	3	13	18	26	6	8
23	23	13	68	46	44	9	26
23	11	5	16	17	17	1	0
23	16	30	45	34	42	60	100
23	23	17	64	22	6	7	12
23	5	21	1	7	6	8	3
23	14	32	5	37	23	19	10
22	24	23	22	17	13	6	17
22	9	9	12	15	13	7	11
22	14	25	5	5	8	19	6
22	13	6	18	23	24	12	54
22	13	6	3	0	0	1	0
22	6	5	6	2	6	0	1
22	3	2	8	2	9	4	3
22	6	11	5	4	8	3	2
21	12	9	27	11	26	41	21
21	15	2	5	11	25	8	0
21	20	13	20	29	48	9	12
20	17	12	27	15	12	0	14
20	16	16	12	23	22	49	25
20	15	4	8	6	12	2	22
20	10	10	61	39	22	34	60
20	4	4	22	9	9	5	18
20	24	21	57	61	75	36	48
20	0	0	0	2	5	0	0
20	14	2	16	31	34	13	13
20	28	0	0	0	0	0	0
19	9	14	0	19	8	0	0
19	10	4	9	13	7	12	22
19	8	11	55	36	23	34	57
19	18	7	34	37	58	14	13
18	24	17	25	19	20	5	11
18	5	3	6	5	6	0	0
18	21	20	8	4	4	1	3
18	4	43	15	8	12	143	33
18	10	13	11	19	18	22	21
18	19	11	51	39	46	28	37
18	35	22	18	17	28	9	13
17	24	13	16	17	14	14	12
17	45	62	49	72	86	104	76
17	32	14	39	24	25	14	14
17	14	21	2	6	12	1	19
17	55	48	25	42	31	42	88
17	10	19	6	4	10	2	12
17	32	24	38	17	35	12	14
17	11	10	0	4	2	1	0
17	7	6	9	9	14	16	0
17	10	14	19	25	14	24	31
17	6	6	20	15	5	21	29
17	12	25	7	27	16	26	7
16	18	14	4	10	6	2	1
16	6	4	6	12	10	1	4
16	10	13	11	7	10	4	5
16	22	17	32	35	40	23	62
16	21	14	9	18	33	2	6
15	6	5	12	13	3	4	9
15	3	13	0	2	12	0	11
15	12	16	16	16	18	27	17
15	17	29	6	17	31	8	30
15	0	0	0	0	2	0	11
15	35	23	10	27	28	38	27
15	21	8	11	9	13	0	4
15	18	3	12	2	3	0	0
15	7	4	0	1	0	0	0
15	12	7	3	20	4	5	2
15	20	11	11	26	40	2	8
15	13	10	8	13	21	3	8
15	18	9	19	33	60	4	13
14	17	7	10	12	2	0	0
14	11	4	14	12	8	3	5
14	33	35	11	21	26	58	34
14	10	38	17	26	15	11	4
14	10	3	15	15	12	1	14
14	1	5	14	6	6	1	7
14	7	6	14	5	6	6	10
14	44	16	6	31	44	5	6
13	17	19	21	17	11	0	9
13	8	9	15	11	6	5	0
13	7	9	11	13	15	36	31
13	7	8	6	3	2	1	0
13	8	19	11	19	14	32	28
13	4	11	7	11	5	7	4
13	9	3	14	16	13	7	15
13	7	0	7	11	12	0	0
13	16	34	23	37	36	9	6
13	1	0	5	2	5	0	0
13	12	4	18	14	13	3	20
13	24	26	23	23	22	17	26
13	0	2	0	4	3	0	0
13	12	13	7	13	12	9	10
13	10	17	4	10	6	7	8
12	28	31	17	26	27	38	43
12	6	0	0	0	0	0	20
12	10	3	13	17	10	4	20
12	10	8	26	14	14	9	21
12	4	19	14	16	14	18	16
12	10	18	9	0	5	24	0
12	145	114	102	135	212	83	127
12	27	14	2	21	16	21	10
12	11	9	14	4	23	3	8
12	20	10	18	14	39	0	0
12	7	3	11	9	14	1	13
12	33	37	27	42	82	11	0
12	11	6	6	12	11	9	8
12	3	0	12	17	40	0	0
12	34	20	11	17	11	18	13
12	6	5	5	7	7	5	6
11	4	1	12	9	2	2	6
11	14	10	14	9	14	17	27
11	3	0	6	3	4	0	2
11	3	15	31	57	35	23	15
11	11	8	23	9	5	2	9
11	3	0	1	3	1	1	0
11	6	10	12	3	4	1	2
11	5	3	20	2	1	0	1
11	6	8	46	25	13	33	26
11	3	0	3	9	8	0	0
11	4	11	17	22	12	34	30
11	3	0	0	1	0	0	0
11	0	3	0	6	0	0	0
11	13	0	7	14	26	9	11
11	3	0	3	7	14	0	11
11	11	12	6	4	10	2	6
11	18	8	18	17	36	2	6
11	9	11	4	8	5	6	6
11	7	0	9	11	22	4	3
10	12	4	7	6	4	0	0
10	3	11	24	30	19	95	132
10	3	6	9	4	4	0	4
10	20	20	30	12	14	7	9
10	12	27	10	7	12	2	1
10	20	7	3	14	3	0	3
10	8	2	11	9	10	0	13
10	15	10	15	9	17	5	6
10	5	7	11	9	12	9	6
10	2	1	0	3	2	0	0
10	5	0	0	3	2	1	4
10	15	17	6	13	12	16	6
10	8	15	25	13	20	9	40
10	19	15	5	16	19	4	5
10	0	15	9	16	20	6	12
9	14	18	11	12	7	9	9
9	5	3	8	6	5	0	2
9	6	4	20	19	11	0	13
9	2	1	4	5	14	8	8
9	5	6	11	9	13	18	32
9	20	10	47	25	28	2	2
9	3	3	5	4	4	0	3
9	0	0	0	0	0	43	20
9	12	26	29	33	36	34	53
9	7	5	3	5	20	6	6
9	6	10	14	12	8	134	38
9	2	0	7	4	7	1	0
9	3	10	4	2	5	0	0
9	12	0	6	4	16	1	7
9	8	1	0	9	25	2	3
9	5	7	39	20	14	25	30
9	15	10	9	5	11	2	4
9	10	4	0	7	5	0	11
9	4	3	12	23	36	0	4
9	2	9	2	2	4	0	1
9	3	6	4	2	3	1	4
9	5	3	0	3	3	0	1
8	10	5	3	4	1	0	0
8	14	14	10	11	4	1	8
8	11	2	6	7	6	0	1
8	15	10	16	17	0	10	15
8	44	24	27	17	23	2	5
8	10	6	13	7	7	2	4
8	0	0	0	0	4	0	1
8	6	3	12	5	7	0	1
8	14	17	7	17	10	2	1
8	4	0	6	12	3	2	9
8	7	8	2	7	14	0	19
8	7	13	6	3	12	5	5
8	8	2	10	7	11	1	3
8	25	2	7	10	7	1	9
8	3	4	3	1	7	1	4
8	12	20	19	7	8	2	5
8	3	4	0	0	2	0	0
8	6	3	0	0	3	0	0
8	0	1	0	2	7	0	2
8	0	4	1	2	2	1	4
8	7	9	3	9	4	3	2
8	4	4	15	8	5	16	33
8	12	10	41	12	28	5	8
8	4	4	1	2	6	1	0
8	11	12	2	6	3	3	3
8	29	17	13	17	30	2	2
8	7	12	8	15	14	7	9
8	3	4	1	10	19	0	4
8	8	4	7	8	4	7	14
8	22	24	10	14	13	15	10
8	4	3	5	11	14	10	2
8	8	5	16	9	4	22	14
8	5	0	0	13	23	0	0
8	4	5	0	0	1	1	1
7	5	5	4	3	2	0	1
7	6	3	6	5	0	0	0
7	7	6	12	10	7	5	8
7	9	3	6	5	3	4	3
7	6	8	3	3	5	3	4
7	0	0	0	1	5	0	4
7	5	18	12	39	20	294	149
7	7	6	7	3	4	0	0
7	9	9	9	5	6	2	2
7	5	7	5	13	6	24	39
7	3	0	9	4	6	0	0
7	7	3	4	6	5	1	3
7	8	7	7	22	8	0	0
7	7	8	3	4	10	1	11
7	8	14	22	8	11	1	2
7	4	0	20	11	8	5	14
7	3	3	4	1	1	0	0
7	5	0	3	7	22	3	9
7	7	4	3	4	7	2	7
7	6	1	9	8	10	8	10
7	8	10	11	9	11	13	10
7	1	0	4	6	7	0	1
7	9	24	5	3	8	1	17
7	0	0	0	0	20	0	0
7	1	1	4	5	6	2	2
7	7	0	1	7	1	2	0
7	0	0	8	1	2	0	2
7	1	2	8	4	6	2	5
7	1	1	0	2	6	0	1
7	18	15	7	10	9	7	6
7	9	4	17	33	42	9	51
7	8	4	8	2	8	0	1
7	9	7	6	7	26	2	3
7	2	2	3	2	6	0	4
7	6	2	8	9	7	8	13
7	5	4	3	7	4	6	8
7	9	4	10	18	27	2	4
7	2	6	6	2	6	3	5
7	25	18	17	20	19	21	14
7	0	0	0	0	0	0	0
6	10	12	5	15	16	34	19
6	8	0	6	4	5	0	0
6	15	7	24	12	11	0	1
6	1	0	5	4	5	0	1
6	4	0	6	5	6	0	2
6	2	7	10	6	4	26	23
6	13	8	18	6	12	0	0
6	4	5	3	7	7	8	8
6	0	0	1	1	1	2	1
6	5	0	0	0	4	0	0
6	1	0	0	0	1	0	0
6	3	0	10	2	2	0	1
6	2	3	3	1	10	2	2
6	5	3	1	1	2	0	6
6	3	3	3	2	6	3	2
6	0	0	0	2	0	0	0
6	3	0	9	1	2	0	2
6	23	20	9	9	14	5	2
6	6	1	2	12	11	0	0
6	15	19	11	25	15	31	21
6	6	7	11	8	18	0	2
6	5	0	8	5	11	1	3
6	12	15	4	7	9	1	3
6	25	25	10	18	15	20	13
6	16	15	18	9	19	4	11
6	11	2	1	3	9	0	0
6	6	0	0	2	2	0	0
6	1	0	0	2	0	0	2
6	3	7	3	2	6	0	0
6	8	5	11	20	20	12	18
6	8	6	9	18	39	3	4
6	4	0	1	5	5	1	2
6	10	3	4	1	6	1	1
6	1	0	6	5	1	8	8
6	1	4	0	0	0	0	0
5	7	8	4	4	1	2	2
5	4	4	22	21	13	5	14
5	3	4	2	2	3	5	5
5	12	2	4	3	0	0	0
5	3	2	4	3	3	0	1
5	1	1	0	1	3	2	1
5	4	2	11	7	2	1	1
5	2	2	3	5	0	2	2
5	5	3	3	3	3	0	0
5	13	19	7	11	12	15	15
5	14	7	6	3	2	0	0
5	1	0	2	1	0	0	1
5	14	5	3	4	4	0	0
5	9	3	18	9	11	2	2
5	6	1	9	3	1	0	0
5	6	8	28	10	6	2	4
5	15	34	3	3	3	42	8
5	5	4	3	7	7	8	9
5	4	1	6	7	8	2	3
5	3	1	1	3	0	0	2
5	1	1	4	8	6	0	4
5	3	1	10	3	1	1	4
5	8	0	0	0	2	0	0
5	4	0	6	1	1	0	0
5	0	0	3	1	2	2	14
5	11	3	6	13	20	7	14
5	5	1	0	3	0	0	0
5	4	2	0	1	0	0	0
5	1	2	1	0	0	0	0
5	3	0	1	7	10	1	11
5	0	0	0	3	6	0	3
5	5	2	6	8	6	4	8
5	4	1	0	1	4	0	0
5	1	1	0	2	1	0	0
5	2	5	8	1	2	0	5
5	3	0	0	2	2	3	0
5	10	8	7	2	5	0	4
5	4	3	2	1	3	0	0
5	22	13	14	19	30	3	5
5	17	15	13	14	16	14	12
5	2	3	7	3	7	2	3
5	3	0	0	4	5	0	4
5	0	11	0	7	1	6	8
5	5	3	6	1	1	3	4
5	0	0	0	1	1	0	0
5	3	0	6	2	7	0	3
5	1	1	1	4	5	0	1
5	4	3	2	8	11	1	1
5	11	7	7	15	25	4	7
5	17	0	0	14	5	2	13
5	11	2	0	0	0	0	0
5	0	0	0	0	0	0	0
4	0	0	10	9	0	0	4
4	15	7	12	9	6	0	0
4	2	0	9	6	4	0	0
4	4	0	0	2	6	3	5
4	11	17	8	10	3	4	4
4	5	0	4	4	3	0	0
4	15	20	10	10	8	2	5
4	13	10	3	6	7	21	19
4	6	7	4	5	4	0	0
4	12	12	12	13	19	34	20
4	33	20	58	32	4	7	21
4	4	1	8	6	9	9	16
4	4	4	1	3	3	4	6
4	4	5	13	7	3	0	3
4	10	2	9	11	11	2	2
4	0	0	0	1	5	0	4
4	12	5	11	9	11	1	3
4	3	3	6	3	2	0	2
4	3	4	0	2	14	0	7
4	7	8	8	6	6	17	12
4	26	27	8	27	41	35	33
4	0	0	0	0	2	0	7
4	4	5	2	4	7	9	2
4	4	0	7	4	2	3	3
4	23	20	6	7	6	6	5
4	2	0	5	3	4	9	26
4	4	4	4	2	3	0	1
4	19	15	15	28	19	3	13
4	7	4	0	2	5	0	4
4	3	0	0	2	5	0	4
4	13	4	10	5	3	7	2
4	0	0	3	1	6	0	11
4	6	0	4	6	7	0	0
4	3	2	7	2	2	0	1
4	9	8	13	9	10	8	7
4	7	6	3	1	1	0	1
4	5	5	0	2	2	3	2
4	3	0	9	2	3	0	0
4	0	0	0	0	0	8	0
4	2	0	0	0	1	0	0
4	2	0	0	0	1	0	0
4	1	1	0	0	5	0	0
4	18	25	18	6	8	4	2
4	5	3	4	1	2	0	1
4	2	3	3	0	0	0	0
4	1	5	3	0	0	0	0
4	0	0	0	2	0	0	0
4	0	0	3	0	0	0	0
4	4	1	0	1	0	0	0
4	11	13	6	9	6	9	13
4	3	0	0	2	12	0	0
4	0	3	0	3	1	0	0
4	0	0	1	1	5	1	0
4	0	0	5	0	0	0	2
4	3	3	22	4	10	2	8
4	1	0	4	1	4	0	0
4	0	0	5	5	4	1	7
4	3	0	0	2	1	0	0
4	17	4	0	8	19	0	4
4	3	0	0	4	14	0	0
4	10	11	0	9	4	0	1
4	1	1	3	1	1	0	3
4	5	1	5	6	10	1	10
4	1	0	3	0	2	0	0
4	1	1	4	3	3	6	3
4	10	13	6	11	14	5	11
4	3	2	11	6	15	2	3
4	8	0	5	5	11	2	5
4	7	5	3	6	10	3	3
4	3	1	3	6	13	2	2
4	1	1	0	5	2	0	3
4	0	1	3	0	1	3	2
4	17	21	6	5	11	7	1
4	0	0	1	0	1	0	1
4	1	0	0	2	2	0	0
4	1	0	16	31	46	3	10
4	14	13	0	4	7	1	0
4	9	3	7	1	16	0	0
4	26	17	9	15	35	3	5
4	6	6	6	10	18	4	5
4	3	1	0	5	3	0	3
4	2	2	6	2	3	7	3
4	10	11	5	15	24	4	5
4	3	4	0	6	10	0	0
4	0	0	22	19	12	14	34
4	5	3	0	2	3	0	0
4	3	4	1	1	0	0	0
3	1	0	2	2	1	0	0
3	0	0	9	6	0	0	4
3	1	1	0	1	3	3	2
3	10	0	6	4	2	0	0
3	7	1	2	3	1	0	0
3	10	0	6	9	4	0	1
3	90	144	58	53	48	48	34
3	1	0	3	2	2	0	0
3	2	0	0	1	1	3	2
3	8	15	8	9	5	8	7
3	3	0	4	2	1	0	0
3	1	0	3	2	1	1	1
3	7	8	26	14	1	3	4
3	1	0	11	6	6	0	3
3	0	5	0	2	1	17	9
3	0	3	0	0	0	2	1
3	0	0	0	0	0	2	1
3	0	0	0	3	2	5	7
3	5	12	22	36	22	83	77
3	17	6	6	11	14	9	19
3	9	7	9	5	6	2	2
3	2	4	7	5	5	11	11
3	3	6	4	4	3	65	23
3	16	17	16	26	15	44	52
3	1	1	0	0	4	0	1
3	4	1	0	4	8	4	4
3	1	2	1	0	1	2	1
3	7	19	5	13	7	24	18
3	4	3	5	6	6	0	4
3	3	0	4	4	5	0	2
3	5	12	5	3	0	15	13
3	4	0	3	3	4	0	1
3	0	0	0	4	7	4	3
3	8	17	8	15	12	2	6
3	3	2	6	2	2	0	2
3	1	0	6	2	2	1	1
3	3	1	3	1	5	3	2
3	7	4	12	3	3	2	0
3	3	7	0	0	1	0	0
3	1	0	0	0	0	1	0
3	0	0	0	0	1	0	0
3	2	0	1	1	1	0	1
3	0	0	1	1	1	1	0
3	14	11	7	11	11	5	4
3	3	0	14	3	2	3	4
3	0	1	0	1	0	0	0
3	0	0	6	0	0	0	0
3	3	2	1	0	0	0	0
3	0	0	0	5	0	0	0
3	1	1	3	1	1	1	1
3	7	5	48	8	8	9	8
3	3	1	2	2	3	1	4
3	2	1	5	5	5	0	6
3	5	13	4	0	1	0	0
3	0	0	2	1	1	0	2
3	0	0	33	0	6	1	2
3	6	1	1	6	10	2	5
3	2	0	3	3	4	0	3
3	12	4	2	11	22	4	5
3	5	2	7	4	9	0	3
3	4	0	0	3	2	0	0
3	0	0	3	0	2	0	0
3	1	1	1	4	2	3	5
3	3	0	0	1	3	0	0
3	3	0	0	1	3	0	0
3	7	0	0	6	17	0	0
3	6	7	3	2	11	0	1
3	1	0	3	4	7	0	1
3	3	2	10	2	1	4	8
3	25	26	11	16	20	15	9
3	1	1	0	2	1	2	1
3	0	1	1	2	2	2	1
3	0	3	3	2	3	3	2
3	6	7	3	6	6	3	3
3	6	2	1	4	7	1	1
3	1	0	0	1	2	0	0
3	0	1	0	1	0	2	0
3	0	0	1	0	0	0	2
3	10	1	3	12	13	0	6
3	4	3	5	1	1	4	5
3	5	7	12	19	10	6	28
3	4	0	8	1	11	0	1
3	0	0	1	4	2	2	3
3	1	0	1	4	3	2	3
3	12	7	3	7	11	2	1
3	6	7	6	20	15	8	18
3	32	24	18	24	54	5	8
3	2	0	4	3	0	1	10
3	6	7	0	2	3	0	0
3	6	3	6	0	0	4	5
3	2	2	1	1	2	0	1
3	2	2	3	3	4	0	5
3	9	14	2	8	3	6	6
3	1	0	0	0	0	0	0
3	0	0	0	0	0	0	0
3	0	1	1	1	0	0	0
3	0	0	0	0	0	0	0
2	13	10	16	13	4	0	0
2	4	2	3	3	0	0	1
2	3	1	1	2	7	7	6
2	16	7	10	13	6	0	2
2	11	10	10	11	8	5	7
2	14	0	19	17	10	0	2
2	2	2	4	3	2	0	0
2	9	8	42	33	7	1	6
2	2	1	0	0	1	1	2
2	10	3	10	7	7	0	1
2	0	0	1	1	5	3	2
2	9	2	5	6	5	0	2
2	3	1	4	5	3	1	4
2	4	1	1	1	1	0	0
2	1	0	1	1	0	0	1
2	3	1	1	1	0	0	1
2	0	0	0	0	1	0	1
2	0	0	0	0	1	0	1
2	3	4	3	2	1	1	2
2	3	0	1	2	1	0	0
2	10	9	8	8	5	8	6
2	0	0	4	2	1	0	0
2	6	2	4	2	1	0	0
2	0	0	2	7	5	17	28
2	3	0	8	7	8	0	1
2	6	7	8	16	8	0	2
2	11	6	3	5	8	4	7
2	9	5	1	5	6	7	9
2	21	25	14	33	26	48	57
2	2	4	3	3	2	8	12
2	2	2	11	4	1	0	0
2	4	2	8	3	2	0	0
2	1	0	3	1	0	0	0
2	3	1	3	5	8	3	9
2	0	0	0	1	2	1	1
2	4	2	10	4	2	1	1
2	0	2	4	3	2	9	18
2	1	0	0	5	5	8	7
2	10	3	3	1	1	0	0
2	1	0	7	3	4	0	2
2	4	1	4	6	4	0	5
2	3	0	0	0	2	0	0
2	1	0	0	0	1	0	0
2	1	0	0	0	1	0	0
2	0	0	0	0	2	0	0
2	1	0	0	0	1	0	0
2	1	0	0	0	1	0	0
2	0	0	0	0	5	0	0
2	1	0	1	1	3	1	1
2	1	1	1	1	1	0	1
2	7	5	4	3	10	3	4
2	1	3	2	3	9	2	3
2	0	0	13	2	0	0	2
2	3	0	4	1	0	1	1
2	22	2	4	12	29	6	11
2	4	6	1	6	1	126	2
2	4	4	9	1	1	0	0
2	7	0	26	7	3	5	9
2	9	4	60	16	18	8	14
2	15	18	9	19	16	22	20
2	3	4	9	2	2	1	2
2	4	5	0	1	0	1	3
2	0	0	0	3	13	0	2
2	14	8	5	10	45	5	6
2	1	5	5	2	1	3	2
2	2	1	2	4	3	5	4
2	5	4	1	3	2	1	0
2	3	0	9	1	3	0	0
2	12	0	0	1	0	0	0
2	0	0	1	0	0	0	0
2	1	0	4	0	0	0	0
2	1	0	3	1	1	1	1
2	3	1	0	2	0	0	0
2	1	0	6	1	1	2	1
2	4	0	29	0	0	6	0
2	2	1	6	8	11	2	1
2	0	0	18	0	0	0	4
2	2	2	4	0	0	0	1
2	1	0	57	2	3	7	10
2	0	1	0	1	2	0	1
2	9	15	13	26	8	72	20
2	2	0	8	3	3	0	7
2	1	0	3	0	1	0	0
2	3	0	0	3	5	1	2
2	1	0	0	4	8	2	1
2	10	5	24	15	29	3	12
2	3	0	0	2	0	0	1
2	1	0	0	2	1	0	0
2	0	0	0	2	1	0	0
2	2	0	1	3	3	0	1
2	0	1	0	3	4	2	1
2	2	3	0	1	3	0	0
2	1	0	0	1	3	0	0
2	0	0	0	1	0	3	0
2	4	1	0	7	6	5	5
2	1	0	3	1	4	0	0
2	12	12	7	19	9	12	10
2	3	1	1	1	3	0	1
2	2	0	4	0	0	0	10
2	4	0	1	2	5	0	1
2	5	3	0	3	3	2	1
2	0	1	1	0	1	0	0
2	1	8	1	2	1	2	2
2	2	1	0	1	1	0	0
2	14	11	8	10	8	11	9
2	1	0	3	2	2	2	4
2	7	7	0	1	2	0	0
2	17	21	8	6	2	13	8
2	10	7	26	25	33	12	28
2	1	0	9	5	7	0	12
2	15	9	1	6	6	2	1
2	1	0	3	6	11	0	1
2	5	9	0	7	3	7	2
2	1	3	8	1	2	8	5
2	2	1	3	0	1	3	0
2	3	0	5	2	6	3	1
2	6	7	1	1	2	1	0
2	1	2	0	4	5	0	1
2	1	0	1	1	1	0	2
2	2	0	1	1	2	0	1
2	4	3	0	0	0	0	0
2	3	4	0	0	0	0	0
2	2	0	0	0	0	0	0
2	3	0	0	0	0	0	0
2	1	0	0	0	0	0	0
2	1	0	0	0	0	0	0
2	0	0	0	0	0	0	0
2	0	0	0	0	0	0	0
2	0	0	0	0	0	0	0
2	0	0	0	0	0	0	0
2	0	0	0	0	0	0	0
2	3	0	0	0	0	0	0
2	0	0	1	1	0	0	0
2	0	0	1	1	0	0	0
2	0	2	0	0	0	0	0
2	0	0	0	0	0	0	0
1	2	7	1	2	7	7	5
1	1	0	0	0	2	3	3
1	13	8	16	16	9	2	6
1	1	1	0	0	2	1	2
1	5	2	4	4	2	2	0
1	4	0	9	7	1	0	0
1	9	0	12	9	6	2	5
1	3	7	4	5	3	2	2
1	2	5	7	5	0	0	1
1	2	2	7	6	5	0	1
1	7	2	0	1	3	7	3
1	0	0	0	1	1	3	3
1	2	1	2	2	3	5	7
1	5	8	4	2	4	8	7
1	1	1	7	5	4	0	4
1	3	6	3	2	2	1	0
1	2	5	15	15	14	0	2
1	0	0	0	1	4	2	1
1	7	3	3	5	4	23	21
1	1	3	1	1	1	0	0
1	2	0	1	1	1	0	0
1	5	4	1	1	1	0	0
1	3	5	1	1	1	0	0
1	0	0	1	1	0	0	1
1	2	0	1	1	1	0	0
1	1	0	1	1	0	0	1
1	1	3	0	0	1	0	1
1	0	0	0	0	1	0	1
1	0	2	1	2	0	0	1
1	0	0	2	1	1	0	0
1	0	1	3	3	1	3	0
1	8	17	2	1	1	14	18
1	2	0	2	1	0	0	0
1	1	1	2	2	1	15	19
1	0	1	3	1	1	15	12
1	0	1	6	3	1	0	1
1	0	0	1	1	2	1	3
1	1	7	6	6	4	50	31
1	0	0	6	8	8	0	0
1	1	0	4	2	2	0	1
1	3	2	0	1	1	3	1
1	1	1	2	1	2	3	8
1	1	0	0	1	4	1	1
1	12	8	4	8	4	2	1
1	6	6	3	1	0	0	0
1	0	0	3	1	0	0	0
1	0	0	3	1	0	0	0
1	1	1	2	1	1	0	1
1	1	0	6	2	1	0	0
1	34	46	24	39	32	44	57
1	1	2	2	4	1	12	9
1	2	4	4	4	3	49	14
1	0	0	3	1	0	0	1
1	1	0	3	1	0	0	1
1	0	1	3	6	1	15	16
1	0	0	3	2	1	3	0
1	1	2	2	6	1	1	0
1	3	10	20	5	2	78	38
1	15	10	15	7	11	1	3
1	0	0	1	2	1	8	3
1	2	0	0	1	8	2	0
1	1	1	3	5	4	0	3
1	1	1	1	1	3	6	0
1	2	2	1	4	1	0	0
1	11	10	2	7	3	12	10
1	4	1	3	1	2	0	0
1	5	3	7	9	21	7	10
1	1	0	8	6	10	0	0
1	0	0	2	1	2	0	0
1	0	3	3	5	2	8	10
1	4	2	3	1	1	0	1
1	10	15	10	21	13	4	8
1	4	3	10	3	6	0	0
1	1	1	2	2	3	2	32
1	4	6	13	10	6	35	19
1	4	5	2	2	2	4	2
1	3	0	1	1	2	1	1
1	2	0	0	0	1	0	0
1	1	0	0	0	2	0	0
1	0	0	0	0	1	0	0
1	0	0	0	0	0	0	1
1	0	0	0	0	2	0	0
1	2	0	0	0	2	0	0
1	2	0	0	0	2	0	0
1	10	4	0	0	8	0	0
1	1	1	0	0	1	0	0
1	0	0	0	0	0	5	0
1	1	0	3	3	6	3	3
1	1	1	1	1	1	0	1
1	1	0	2	2	2	0	2
1	0	0	0	0	0	0	12
1	0	0	0	0	0	0	6
1	3	0	0	0	11	0	0
1	1	2	1	1	1	1	3
1	2	2	11	2	3	0	0
1	0	2	1	1	2	9	0
1	5	1	10	9	11	2	8
1	1	0	9	1	1	0	0
1	6	6	3	8	6	2	0
1	1	0	1	5	11	1	6
1	4	0	0	2	3	0	4
1	2	0	6	1	1	0	1
1	0	0	39	3	3	0	0
1	3	2	14	1	1	0	0
1	1	3	17	1	1	0	1
1	7	3	1	7	13	4	5
1	1	2	15	3	1	42	16
1	4	2	5	9	9	2	3
1	0	0	3	1	2	0	1
1	8	4	1	11	14	5	14
1	1	2	5	1	2	0	1
1	1	1	4	1	3	0	0
1	7	4	12	1	1	0	2
1	1	0	3	1	1	1	1
1	9	9	0	3	0	0	0
1	3	5	16	0	0	0	0
1	2	0	0	1	0	0	0
1	3	0	0	2	0	0	0
1	0	0	10	0	0	0	0
1	0	2	3	0	0	0	0
1	0	0	2	0	0	0	0
1	5	6	1	3	1	1	1
1	4	3	2	1	1	1	1
1	4	5	1	0	0	0	0
1	1	0	2	0	0	0	0
1	1	0	2	0	0	0	0
1	0	0	1	0	0	0	0
1	4	0	7	0	0	0	0
1	1	0	1	0	0	0	0
1	3	4	4	3	13	1	5
1	4	4	3	3	5	0	0
1	1	2	2	5	12	4	2
1	0	0	1	1	2	0	3
1	6	4	1	7	9	5	6
1	5	4	3	9	6	0	4
1	1	0	2	3	6	0	6
1	3	1	1	3	3	0	0
1	1	0	6	0	1	0	0
1	7	3	1	7	3	9	8
1	5	6	5	8	9	10	5
1	4	4	7	8	13	0	0
1	0	0	5	0	1	0	0
1	0	4	11	10	7	11	26
1	4	0	0	3	12	0	1
1	0	0	0	4	1	0	0
1	14	0	0	1	5	0	0
1	1	0	0	4	6	1	4
1	3	2	2	3	5	1	4
1	0	0	0	3	1	0	0
1	5	3	1	4	1	2	1
1	1	0	8	2	6	1	1
1	6	0	18	15	27	2	5
1	5	0	4	9	7	3	4
1	2	2	0	2	1	0	0
1	0	0	0	2	0	0	1
1	1	0	0	2	1	0	0
1	0	0	2	0	0	0	1
1	4	1	4	0	2	0	0
1	3	2	12	2	7	0	4
1	1	1	10	29	30	3	4
1	9	19	13	3	9	3	2
1	5	7	1	5	3	6	4
1	10	6	4	10	12	7	8
1	6	2	0	4	5	4	1
1	1	0	1	2	2	0	5
1	1	1	1	1	1	0	4
1	8	6	4	7	10	1	0
1	0	0	1	5	5	0	0
1	5	7	1	3	1	4	3
1	0	0	1	1	2	0	0
1	0	0	1	1	2	0	0
1	1	0	1	1	2	0	0
1	1	1	1	1	2	0	0
1	0	0	1	1	2	0	2
1	1	0	1	1	2	0	0
1	13	7	1	7	6	6	5
1	0	0	3	0	0	0	2
1	2	1	4	1	2	0	3
1	5	3	1	2	3	0	0
1	0	0	0	1	3	0	0
1	15	8	6	10	38	1	2
1	1	0	3	1	7	0	2
1	6	4	0	4	3	0	0
1	1	1	3	1	4	0	0
1	3	1	1	2	4	0	2
1	4	0	1	4	1	1	9
1	1	2	1	1	1	3	0
1	2	3	1	8	3	4	2
1	2	0	3	5	6	0	4
1	11	11	5	19	36	5	7
1	5	6	3	4	3	2	7
1	1	0	1	2	5	0	1
1	19	8	5	9	6	6	7
1	4	7	1	8	4	1	5
1	3	2	9	1	8	2	1
1	6	7	4	12	11	4	5
1	1	0	3	1	3	1	3
1	4	2	0	1	1	0	0
1	2	2	0	1	1	0	0
1	0	0	0	1	1	0	1
1	1	0	1	0	1	0	0
1	0	0	1	0	1	0	0
1	1	1	3	2	3	2	2
1	1	0	1	0	1	0	0
1	0	0	0	1	0	0	1
1	0	0	1	0	0	0	1
1	0	0	1	0	0	0	1
1	2	2	3	1	3	0	2
1	8	6	2	6	1	6	7
1	0	0	1	1	4	0	0
1	18	15	3	28	12	22	23
1	0	0	3	2	7	0	2
1	8	2	5	2	6	0	3
1	2	1	1	4	1	1	7
1	3	5	0	2	4	0	0
1	0	0	1	2	2	0	2
1	4	0	1	0	2	0	0
1	0	0	0	1	2	0	0
1	1	5	3	8	2	14	3
1	0	2	11	5	4	7	11
1	7	8	2	3	1	4	3
1	9	13	4	3	2	5	3
1	5	5	4	5	3	5	6
1	5	3	4	3	9	0	0
1	0	0	3	1	6	0	1
1	6	5	3	3	7	0	1
1	2	1	0	4	6	1	0
1	5	3	2	4	8	0	0
1	0	0	3	5	10	0	1
1	19	17	3	9	4	7	6
1	1	0	2	1	5	0	0
1	4	0	0	6	10	0	0
1	1	0	4	1	6	0	1
1	2	4	1	11	6	4	7
1	9	4	3	8	6	2	9
1	2	0	0	5	8	0	0
1	10	2	7	8	12	0	10
1	1	0	1	1	3	0	0
1	0	1	1	5	6	2	1
1	5	3	2	2	2	3	1
1	1	0	5	1	2	4	3
1	4	1	1	1	2	0	1
1	7	1	2	2	1	1	1
1	3	5	0	0	0	0	0
1	2	1	0	0	0	0	0
1	1	1	0	0	0	0	0
1	1	0	0	0	0	0	0
1	3	0	1	1	0	0	0
1	0	0	1	1	0	0	0
1	0	0	1	1	0	0	0
1	3	2	1	1	0	0	0
1	2	1	0	0	0	0	0
1	1	0	0	0	0	0	0
1	4	0	1	1	0	0	0
1	0	0	0	0	0	0	0
1	1	0	1	1	0	0	0
1	1	0	1	1	0	0	0
1	4	5	1	1	0	0	0
1	1	2	0	0	0	0	0
1	0	1	0	0	0	0	0
1	0	0	0	0	0	0	0
1	0	0	0	0	0	0	0
0	18	14	6	5	0	2	1
0	0	0	1	1	3	3	4
0	1	0	5	4	0	0	1
0	13	16	7	6	2	4	1
0	1	1	2	2	1	0	0
0	59	21	2	11	31	36	23
0	3	1	0	1	3	4	2
0	4	0	7	5	3	0	1
0	11	0	1	2	7	4	4
0	4	1	0	2	4	5	7
0	5	4	5	4	0	0	0
0	2	5	3	2	0	1	0
0	10	4	2	4	5	9	7
0	10	0	9	13	0	5	5
0	1	0	0	0	1	3	4
0	2	1	1	1	3	3	6
0	0	0	3	2	1	0	1
0	4	1	3	2	3	5	5
0	0	4	4	3	0	0	3
0	7	5	9	14	8	1	2
0	0	0	0	0	1	5	3
0	0	0	3	2	0	0	0
0	0	0	3	3	2	0	2
0	1	0	0	0	3	1	1
0	6	6	9	9	13	26	35
0	92	145	58	54	49	0	0
0	1	1	4	7	3	0	0
0	2	0	0	1	2	3	1
0	6	5	0	3	3	10	6
0	5	0	2	8	16	7	19
0	3	1	0	2	2	7	4
0	2	1	7	7	5	2	6
0	6	1	6	4	3	1	3
0	20	28	20	16	18	0	0
0	0	1	2	0	1	15	13
0	2	3	0	0	1	4	1
0	2	1	2	2	2	0	0
0	1	1	1	1	1	0	0
0	0	0	1	1	1	0	0
0	0	0	1	1	0	0	1
0	0	1	1	1	0	0	1
0	5	0	1	1	1	0	0
0	3	1	1	1	1	0	0
0	1	1	1	1	0	0	1
0	0	0	1	1	1	0	0
0	0	0	1	1	0	0	1
0	0	0	1	1	1	0	0
0	1	0	1	1	1	0	0
0	2	1	0	0	1	1	0
0	0	0	0	0	2	0	2
0	3	0	0	0	1	0	1
0	2	2	0	0	0	1	1
0	0	0	0	0	0	2	2
0	0	0	0	0	1	0	1
0	0	0	0	0	5	0	7
0	0	0	0	0	3	1	8
0	9	3	0	2	2	4	4
0	0	3	4	5	3	4	3
0	3	3	5	4	3	4	3
0	0	0	2	1	1	0	0
0	0	0	2	1	1	0	0
0	0	0	2	1	0	0	1
0	0	0	3	2	4	3	4
0	2	1	1	2	1	0	0
0	3	0	1	2	1	0	0
0	0	0	0	0	0	12	8
0	0	0	0	0	3	0	2
0	1	0	0	0	3	0	2
0	0	0	0	0	0	4	6
0	5	1	0	0	2	3	0
0	0	0	0	0	0	2	3
0	1	1	1	1	1	3	4
0	4	0	0	2	3	5	2
0	0	0	4	2	1	0	0
0	14	8	15	13	14	4	8
0	0	2	1	2	1	16	13
0	11	17	7	12	6	1	4
0	2	2	4	2	0	0	0
0	0	0	1	2	0	0	0
0	0	0	1	2	0	0	0
0	1	0	2	1	0	0	0
0	1	2	2	1	0	0	0
0	1	0	2	1	0	0	0
0	0	1	1	1	1	4	6
0	0	0	1	1	2	6	14
0	0	2	2	3	0	65	46
0	5	84	47	56	22	595	469
0	5	7	2	2	1	0	2
0	7	2	0	0	0	2	1
0	1	2	0	0	2	1	0
0	0	0	0	0	2	0	1
0	0	0	0	0	2	0	1
0	0	0	0	0	2	0	1
0	0	0	0	0	0	2	1
0	1	0	0	0	0	2	1
0	1	0	0	0	2	0	1
0	2	1	0	0	1	0	2
0	0	0	0	0	2	0	1
0	1	2	1	1	1	3	2
0	0	0	15	7	3	0	0
0	2	1	0	1	1	36	77
0	0	0	4	2	1	0	1
0	1	0	3	5	1	0	4
0	0	0	0	2	4	3	15
0	1	0	0	1	2	1	6
0	5	5	1	4	2	12	8
0	0	0	0	0	0	17	7
0	1	0	0	0	2	5	0
0	0	0	1	1	2	3	10
0	0	0	1	5	1	17	28
0	1	1	0	1	1	3	1
0	1	2	1	0	1	3	1
0	0	0	1	0	1	3	1
0	1	4	0	3	0	10	11
0	1	2	11	28	8	97	76
0	6	3	2	3	2	5	6
0	0	0	7	2	1	21	27
0	0	0	0	0	0	3	1
0	1	0	0	0	3	0	1
0	2	3	0	0	1	3	0
0	0	0	0	0	1	3	0
0	17	11	2	2	3	3	9
0	0	0	0	1	1	23	7
0	6	2	3	2	3	0	0
0	0	0	0	0	0	17	5
0	1	2	6	10	2	34	55
0	0	0	0	0	2	0	7
0	36	69	89	134	41	611	380
0	1	0	3	1	0	0	0
0	0	0	0	0	0	5	20
0	13	4	1	1	2	5	1
0	1	0	0	0	4	1	0
0	0	0	6	7	3	20	20
0	5	12	62	32	16	13	33
0	5	1	1	5	20	6	4
0	4	2	2	5	3	0	0
0	4	1	1	2	1	0	1
0	1	1	0	1	1	2	1
0	19	10	18	14	18	6	9
0	0	0	0	0	5	0	1
0	0	0	1	2	0	7	6
0	1	7	1	3	1	0	0
0	5	1	1	3	1	0	0
0	3	1	3	1	1	0	0
0	0	0	3	1	1	0	0
0	0	0	3	1	1	0	0
0	1	0	3	1	1	0	0
0	2	0	3	1	1	0	0
0	3	0	12	5	3	2	2
0	2	5	3	2	0	10	11
0	18	24	17	9	4	14	1
0	42	56	43	58	24	150	124
0	0	0	0	0	6	0	1
0	0	0	0	0	6	0	1
0	0	0	0	1	0	2	3
0	0	0	1	0	3	0	2
0	0	0	0	1	5	0	2
0	1	1	1	2	1	6	3
0	5	1	3	3	4	0	0
0	0	0	4	1	0	0	0
0	0	1	1	0	0	6	2
0	3	0	6	2	3	0	0
0	7	0	0	2	13	0	4
0	42	38	45	99	62	275	115
0	0	0	0	0	0	1	8
0	0	1	0	0	0	1	8
0	1	1	4	0	2	16	4
0	2	12	8	3	2	14	19
0	6	0	6	2	0	1	2
0	0	0	1	1	18	0	4
0	10	0	62	16	0	0	14
0	10	2	0	6	6	9	7
0	1	3	2	3	1	32	7
0	0	0	5	1	0	0	0
0	0	0	5	1	0	0	0
0	4	0	7	2	3	0	0
0	0	0	0	0	1	12	0
0	0	0	4	1	1	0	0
0	0	0	4	1	1	0	0
0	0	0	4	1	0	0	1
0	4	3	0	5	8	1	10
0	0	0	0	0	1	15	0
0	1	2	0	2	0	13	3
0	0	0	2	0	0	13	3
0	1	0	3	0	2	3	36
0	0	0	2	1	0	0	2
0	0	0	0	1	0	2	2
0	2	0	1	2	2	0	0
0	2	0	0	1	2	0	2
0	2	1	0	1	2	0	2
0	3	1	1	2	2	0	0
0	0	0	6	1	0	0	0
0	0	0	3	1	1	1	0
0	0	0	3	1	1	0	1
0	1	1	3	1	1	0	1
0	1	2	0	2	1	4	2
0	3	15	7	15	9	7	2
0	1	0	5	3	6	3	8
0	3	1	0	2	5	0	3
0	0	0	20	5	2	0	7
0	1	0	0	3	5	3	2
0	2	0	1	1	1	2	1
0	2	2	0	0	1	0	0
0	2	2	0	0	1	0	0
0	1	1	0	0	0	1	0
0	0	0	0	0	0	0	4
0	0	0	0	0	4	0	0
0	0	0	0	0	0	2	0
0	0	0	0	0	2	0	0
0	0	0	0	0	2	0	0
0	0	0	0	0	2	0	0
0	0	0	0	0	2	0	0
0	0	0	0	0	2	0	0
0	0	0	0	0	2	0	0
0	0	0	0	0	2	0	0
0	0	0	0	0	2	0	0
0	0	0	0	0	2	0	0
0	0	0	0	0	0	0	2
0	0	0	0	0	0	0	2
0	0	0	0	0	1	0	0
0	0	0	0	0	1	0	0
0	0	0	0	0	1	0	0
0	0	0	0	0	1	0	0
0	0	0	0	0	1	0	0
0	0	0	0	0	1	0	0
0	0	0	0	0	0	0	1
0	3	0	0	0	1	0	0
0	3	0	0	0	1	0	0
0	6	0	0	0	0	2	0
0	2	0	0	0	0	1	0
0	2	0	0	0	0	0	1
0	0	2	0	0	0	0	1
0	2	0	0	0	1	0	0
0	3	0	0	0	0	0	13
0	1	0	0	0	1	0	0
0	1	0	0	0	1	0	0
0	1	0	0	0	0	1	0
0	2	0	0	0	2	0	0
0	1	0	0	0	2	0	0
0	1	0	0	0	2	0	0
0	6	7	0	0	1	0	0
0	2	2	0	0	1	0	0
0	2	2	0	0	1	0	0
0	2	1	0	0	0	0	1
0	1	1	0	0	1	0	0
0	3	1	0	0	1	0	0
0	5	1	0	0	1	0	0
0	0	0	0	0	2	0	0
0	0	0	0	0	2	0	0
0	0	0	0	0	0	0	2
0	0	0	0	0	1	0	0
0	0	0	0	0	1	0	0
0	0	0	0	0	1	0	0
0	0	0	0	0	1	0	0
0	2	0	0	0	1	0	0
0	1	0	0	0	1	0	0
0	1	0	0	0	0	0	2
0	1	1	1	1	2	1	1
0	1	2	0	0	1	0	0
0	0	0	0	0	2	0	0
0	0	0	0	0	1	0	0
0	0	0	0	0	1	0	0
0	0	0	0	0	1	0	0
0	2	0	0	0	1	0	0
0	1	0	0	0	1	0	0
0	0	0	0	0	1	0	0
0	2	0	0	0	1	0	0
0	5	4	0	0	5	0	0
0	0	0	0	0	0	0	10
0	0	0	0	0	0	0	7
0	0	0	0	0	0	0	7
0	0	0	0	0	7	0	0
0	0	1	0	0	0	0	7
0	0	0	0	0	0	0	7
0	1	3	1	1	1	0	1
0	0	0	1	1	1	0	1
0	0	0	0	0	0	0	19
0	0	0	0	0	0	12	0
0	0	0	0	0	0	0	9
0	0	0	0	0	0	0	6
0	0	0	0	0	0	6	0
0	0	0	0	0	0	3	0
0	0	0	0	0	0	3	0
0	0	0	0	0	3	0	0
0	0	0	0	0	3	0	0
0	0	0	0	0	0	0	3
0	1	0	0	0	3	0	0
0	1	0	0	0	3	0	0
0	1	0	0	0	0	0	3
0	2	1	1	1	1	0	1
0	1	0	1	1	1	0	1
0	0	0	0	0	3	0	0
0	2	1	0	0	0	3	0
0	0	0	0	0	0	15	0
0	3	6	1	1	1	0	1
0	1	0	1	1	1	0	1
0	0	0	0	0	3	0	0
0	0	0	0	1	1	0	7
0	0	0	21	7	14	1	2
0	0	0	0	3	3	0	20
0	5	1	4	13	30	5	14
0	3	1	0	1	1	6	0
0	6	3	1	9	6	38	4
0	6	2	1	6	9	2	9
0	0	0	0	1	5	0	1
0	0	0	5	3	6	2	18
0	1	0	5	1	2	0	0
0	4	2	0	4	2	4	7
0	8	4	8	1	1	0	0
0	0	0	1	1	6	0	2
0	3	2	0	2	8	0	2
0	5	2	0	6	9	0	12
0	3	1	0	2	3	0	4
0	10	5	1	7	2	0	0
0	0	0	3	5	10	0	12
0	1	0	1	0	1	0	3
0	4	0	0	1	3	1	0
0	0	0	3	2	0	2	3
0	3	0	3	2	3	0	2
0	0	0	12	2	2	1	2
0	5	3	2	4	3	3	7
0	2	0	5	4	6	0	3
0	9	7	3	2	4	0	0
0	0	0	3	2	4	0	0
0	2	4	1	7	2	14	7
0	0	1	1	16	2	0	0
0	10	0	3	8	22	0	11
0	2	1	1	4	1	0	2
0	3	3	1	3	1	2	0
0	0	0	3	1	2	0	1
0	16	8	1	14	25	10	8
0	0	0	4	1	0	0	3
0	7	8	5	4	4	4	4
0	2	3	2	0	0	0	0
0	1	2	1	0	0	0	0
0	1	1	0	1	0	0	0
0	1	1	1	0	0	0	0
0	2	7	4	0	0	0	0
0	1	1	0	2	0	0	0
0	1	1	6	0	0	0	0
0	0	0	0	29	0	0	0
0	0	0	0	28	0	0	0
0	0	0	21	0	0	0	0
0	0	0	0	20	0	0	0
0	0	0	0	15	0	0	0
0	0	0	0	14	0	0	0
0	0	0	7	0	0	0	0
0	0	0	0	6	0	0	0
0	0	0	6	0	0	0	0
0	0	0	6	0	0	0	0
0	0	0	0	5	0	0	0
0	0	0	5	0	0	0	0
0	0	0	0	4	0	0	0
0	0	0	4	0	0	0	0
0	0	0	4	0	0	0	0
0	0	0	4	0	0	0	0
0	0	0	4	0	0	0	0
0	0	0	4	0	0	0	0
0	0	0	4	0	0	0	0
0	0	0	4	0	0	0	0
0	0	0	3	0	0	0	0
0	0	0	3	0	0	0	0
0	0	0	0	3	0	0	0
0	0	0	2	0	0	0	0
0	0	0	2	0	0	0	0
0	0	0	2	0	0	0	0
0	0	0	0	2	0	0	0
0	0	0	0	2	0	0	0
0	0	0	0	2	0	0	0
0	0	0	1	0	0	0	0
0	0	0	1	0	0	0	0
0	0	0	1	0	0	0	0
0	0	0	1	0	0	0	0
0	0	0	1	0	0	0	0
0	0	0	1	0	0	0	0
0	0	0	0	1	0	0	0
0	1	0	12	0	0	0	0
0	1	0	10	0	0	0	0
0	2	0	1	0	0	0	0
0	4	0	0	2	0	0	0
0	3	0	0	2	0	0	0
0	1	0	0	1	0	0	0
0	1	0	0	1	0	0	0
0	1	0	0	1	0	0	0
0	1	0	1	0	0	0	0
0	2	0	4	0	0	0	0
0	1	1	1	0	0	0	0
0	1	1	1	0	0	0	0
0	1	1	0	2	0	0	0
0	0	0	1	0	1	1	1
0	0	0	9	0	0	0	0
0	0	0	5	0	0	0	0
0	0	0	4	0	0	0	0
0	0	0	2	0	0	0	0
0	0	0	2	0	0	0	0
0	0	0	2	0	0	0	0
0	0	0	2	0	0	0	0
0	0	0	1	0	0	0	0
0	0	0	1	0	0	0	0
0	0	0	0	1	0	0	0
0	3	0	0	1	0	0	0
0	1	0	0	3	0	0	0
0	1	0	0	1	0	0	0
0	1	0	0	1	0	0	0
0	2	0	0	2	0	0	0
0	2	2	2	0	0	0	0
0	0	0	9	0	0	0	0
0	0	0	9	0	0	0	0
0	0	0	0	2	0	0	0
0	0	0	1	0	0	0	0
0	0	0	0	1	0	0	0
0	4	0	0	1	0	0	0
0	6	0	3	0	0	0	0
0	1	0	0	1	0	0	0
0	0	0	3	0	0	0	0
0	0	0	8	0	0	0	0
0	0	0	0	4	0	0	0
0	8	5	4	7	8	2	0
0	0	0	0	3	1	1	11
0	2	0	3	7	6	1	2
0	0	0	23	0	0	1	0
0	0	0	8	0	0	1	0
0	1	1	1	9	1	1	2
0	0	0	15	0	0	0	2
0	3	3	0	1	6	0	0
0	0	0	0	1	0	0	6
0	1	0	3	1	2	2	5
0	1	0	0	2	4	1	1
0	0	0	3	1	3	0	0
0	0	1	6	0	0	0	1
0	2	1	0	4	11	0	3
0	1	1	2	4	5	0	0
0	6	11	4	4	7	0	0
0	0	2	3	9	4	5	23
0	0	0	9	0	1	0	1
0	0	0	3	2	1	2	12
0	0	0	0	4	0	0	1
0	0	0	4	0	0	0	1
0	1	1	1	2	2	0	1
0	3	2	0	1	1	2	0
0	3	1	0	1	1	0	2
0	0	2	1	0	0	2	1
0	4	5	1	2	2	1	0
0	1	1	0	1	2	0	1
0	0	0	1	0	1	0	2
0	1	0	1	2	2	0	1
0	3	0	2	1	2	1	0
0	0	0	1	0	1	0	2
0	2	0	1	0	2	0	1
0	3	9	7	46	3	22	7
0	0	0	1	0	5	0	0
0	1	0	0	1	5	0	0
0	3	6	1	5	4	0	0
0	22	14	36	23	19	26	28
0	43	42	16	32	27	35	29
0	0	0	0	4	0	0	19
0	12	10	8	2	5	1	2
0	2	2	3	13	3	30	9
0	6	3	3	0	0	0	1
0	0	0	0	6	2	0	0
0	0	0	0	3	1	0	0
0	0	0	3	0	0	0	1
0	1	0	6	0	2	0	0
0	3	0	0	3	1	0	0
0	4	0	6	0	2	0	0
0	2	2	1	4	1	2	1
0	0	0	4	1	1	2	1
0	1	0	6	0	2	0	0
0	1	0	3	0	1	0	0
0	2	0	0	3	3	3	2
0	3	3	4	4	8	3	4
0	0	0	1	1	1	0	5
0	4	0	0	38	4	0	9
0	2	1	1	4	1	3	0
0	0	0	0	4	0	17	0
0	3	0	0	5	0	0	2
0	0	0	5	0	1	0	1
0	0	0	7	0	3	0	0
0	0	0	7	0	3	0	0
0	0	0	8	1	5	0	1
0	5	1	0	1	0	0	4
0	1	1	1	0	0	4	0
0	2	3	4	3	0	8	7
0	3	0	0	5	19	0	0
0	20	7	6	10	36	3	4
0	0	0	2	4	5	1	0
0	2	2	2	0	1	0	0
0	0	0	4	0	2	0	0
0	0	0	2	0	0	0	1
0	0	0	0	2	1	0	0
0	0	0	0	2	1	0	0
0	3	0	6	0	3	0	0
0	1	0	0	2	1	0	0
0	1	0	2	0	1	0	0
0	3	0	0	4	2	0	0
0	5	7	1	3	3	2	3
0	2	3	0	2	1	0	0
0	4	12	4	0	0	2	0
0	0	0	0	4	2	0	0
0	0	0	0	2	1	0	0
0	0	0	0	2	1	0	0
0	1	0	2	0	1	0	0
0	1	0	0	8	3	0	1
0	1	3	1	1	1	0	4
0	1	0	0	3	6	1	1
0	0	0	3	2	11	0	2
0	6	3	0	5	3	0	0
0	0	0	36	22	26	26	51
0	0	3	3	6	7	1	2
0	7	8	4	9	4	16	6
0	1	0	1	1	0	0	2
0	2	2	1	1	2	0	0
0	0	0	1	1	2	0	0
0	3	1	3	2	5	0	0
0	7	0	14	21	33	0	37
0	2	0	1	4	3	3	4
0	4	2	0	3	1	1	0
0	0	0	3	0	1	0	1
0	1	0	0	3	2	0	0
0	3	2	0	3	2	0	0
0	2	3	3	0	2	0	0
0	0	0	9	0	6	0	0
0	0	0	1	2	3	0	0
0	1	0	1	2	1	1	4
0	2	2	0	1	3	0	0
0	0	0	1	2	3	0	0
0	0	0	1	0	3	0	0
0	0	0	0	1	3	0	0
0	1	0	0	1	0	0	3
0	4	0	0	2	6	0	0
0	9	5	5	2	5	1	2
0	0	0	0	4	4	0	5
0	3	0	1	1	5	0	0
0	0	0	5	5	5	1	7
0	1	0	1	1	3	0	1
0	2	1	0	6	5	0	0
0	0	0	0	2	5	0	0
0	1	0	0	2	5	0	0
0	50	11	20	119	102	11	35
0	0	0	4	7	8	1	5
0	1	2	4	5	2	4	10
0	6	0	0	19	0	0	17
0	0	0	0	11	10	0	0
0	1	0	0	9	0	11	8
0	1	0	0	4	8	1	0
0	6	3	1	2	5	0	1
0	3	1	8	6	12	0	13
0	1	1	1	10	19	0	4
0	3	8	0	4	2	3	3
0	6	4	1	7	4	2	3
0	3	2	0	2	1	2	1
0	0	0	2	0	1	0	1
0	4	0	0	2	1	0	1
0	0	3	0	2	1	0	1
0	5	2	0	3	3	2	1
0	0	1	0	3	2	1	0
0	4	7	0	5	1	5	4
0	7	5	1	3	7	0	1
0	6	8	0	1	0	1	0
0	5	4	0	1	1	0	0
0	4	3	0	1	1	0	0
0	3	2	1	0	1	0	0
0	2	2	0	1	1	0	0
0	5	3	0	2	2	0	0
0	3	1	0	1	1	0	0
0	3	1	0	1	0	0	1
0	4	3	0	3	3	0	0
0	3	1	0	1	1	0	1
0	1	1	1	0	1	0	0
0	1	1	0	1	1	0	0
0	1	2	0	1	1	1	0
0	3	1	0	2	0	2	0
0	0	0	0	8	0	0	8
0	0	0	8	0	0	0	8
0	0	0	1	0	1	0	0
0	0	0	1	0	0	0	1
0	0	0	0	1	1	0	0
0	0	0	0	1	1	0	0
0	5	0	0	1	1	0	0
0	4	0	0	1	1	0	0
0	3	0	0	1	1	0	1
0	2	0	0	1	1	0	0
0	0	2	0	1	1	0	0
0	1	0	1	0	1	0	0
0	1	0	0	1	1	0	0
0	1	0	0	1	1	0	0
0	3	4	1	2	1	2	1
0	2	2	0	1	0	1	0
0	4	8	0	2	2	0	0
0	3	2	0	1	0	1	1
0	1	2	0	1	1	0	0
0	1	2	0	1	1	0	0
0	1	1	0	1	1	0	0
0	1	1	1	0	0	0	1
0	1	1	0	1	1	1	0
0	0	0	0	1	1	0	1
0	0	0	1	0	1	0	0
0	0	0	0	1	1	0	0
0	1	0	1	0	1	0	0
0	1	0	1	0	1	0	0
0	2	0	0	1	1	1	0
0	2	2	1	0	1	0	0
0	4	1	0	1	0	0	1
0	2	0	1	0	1	0	0
0	2	1	0	1	1	0	1
0	3	1	0	2	2	0	0
0	1	0	1	0	1	0	0
0	3	2	0	4	1	6	1
0	11	10	0	2	0	3	1
0	6	1	0	2	1	3	0
0	5	0	2	0	3	0	1
0	9	0	4	2	4	1	3
0	1	1	1	1	4	0	0
0	0	0	1	1	4	0	0
0	3	3	3	1	8	0	0
0	9	4	0	4	7	1	0
0	0	0	0	5	9	0	1
0	1	0	5	3	1	0	9
0	1	2	3	1	4	0	1
0	1	0	1	3	4	1	0
0	3	6	4	6	2	6	6
0	2	1	2	1	1	1	3
0	0	0	1	2	2	0	2
0	1	0	1	2	0	2	2
0	0	0	0	1	0	0	2
0	0	0	0	1	2	0	0
0	1	0	0	1	2	0	0
0	1	0	0	1	2	0	0
0	2	0	0	1	2	0	0
0	1	0	2	1	1	3	1
0	0	0	0	1	2	0	0
0	0	0	0	1	2	0	0
0	0	0	3	0	6	0	0
0	0	0	1	0	2	0	0
0	0	0	10	7	3	0	19
0	14	14	2	12	7	7	4
0	5	4	2	7	4	6	5
0	3	4	0	5	3	2	1
0	3	1	0	7	2	0	11
0	0	0	1	2	1	0	3
0	2	3	3	2	2	1	4
0	1	0	2	1	3	0	1
0	4	1	2	7	7	4	1
0	2	6	1	3	1	0	6
0	3	0	0	5	6	0	0
0	2	4	2	4	8	1	1
0	223	256	192	221	254	0	326
0	3	1	2	3	2	1	5
0	0	0	0	4	5	0	0
0	22	29	11	57	24	26	42
0	4	0	2	4	8	0	0
0	3	3	3	2	0	2	5
0	6	1	0	3	2	2	1
0	0	0	2	1	5	0	0
0	2	1	0	3	1	3	1
0	0	0	0	3	3	0	1
0	0	0	0	3	4	0	0
0	2	0	3	0	0	0	4
0	4	4	3	19	8	22	5
0	0	0	1	4	7	0	0
0	1	1	3	2	8	0	0
0	8	4	0	5	4	2	1
0	2	6	0	5	5	1	2
0	0	0	5	2	9	1	1
0	6	12	1	4	0	0	8
0	7	0	3	8	10	2	5
0	1	0	10	1	2	4	10
0	21	10	10	23	31	0	18
0	1	1	3	1	4	1	1
0	8	9	1	1	2	1	0
0	7	3	0	4	3	3	0
0	0	0	2	0	1	1	1
0	0	0	1	1	1	0	2
0	0	0	2	0	0	2	1
0	0	0	1	1	3	0	0
0	1	0	1	1	1	0	2
0	5	0	0	2	3	0	0
0	3	0	1	3	3	2	1
0	0	0	0	2	3	0	0
0	0	0	0	2	3	0	0
0	3	3	1	1	2	0	1
0	1	2	0	2	2	1	0
0	0	0	0	2	3	0	0
0	1	0	0	2	3	0	0
0	1	1	0	0	0	0	0
0	1	1	0	0	0	0	0
0	3	2	0	0	0	0	0
0	2	1	0	0	0	0	0
0	2	1	0	0	0	0	0
0	1	2	0	0	0	0	0
0	2	1	0	0	0	0	0
0	2	1	0	0	0	0	0
0	2	1	0	0	0	0	0
0	4	1	0	0	0	0	0
0	1	2	1	1	0	0	0
0	0	0	1	1	0	0	0
0	0	1	0	0	0	0	0
0	1	0	0	0	0	0	0
0	1	0	0	0	0	0	0
0	1	0	0	0	0	0	0
0	2	0	0	0	0	0	0
0	0	2	0	0	0	0	0
0	0	2	0	0	0	0	0
0	0	3	0	0	0	0	0
0	3	0	0	0	0	0	0
0	0	6	0	0	0	0	0
0	9	0	0	0	0	0	0
0	0	2	1	1	0	0	0
0	2	0	2	2	0	0	0
0	1	1	0	0	0	0	0
0	1	1	0	0	0	0	0
0	1	2	0	0	0	0	0
0	1	2	0	0	0	0	0
0	1	2	0	0	0	0	0
0	10	4	0	0	0	0	0
0	3	1	0	0	0	0	0
0	1	4	0	0	0	0	0
0	2	0	0	0	0	0	0
0	2	0	0	0	0	0	0
0	5	0	0	0	0	0	0
0	7	0	0	0	0	0	0
0	3	0	0	0	0	0	0
0	3	0	0	0	0	0	0
0	3	0	0	0	0	0	0
0	1	0	1	1	0	0	0
0	1	1	0	0	0	0	0
0	1	1	0	0	0	0	0
0	2	2	0	0	0	0	0
0	2	2	0	0	0	0	0
0	1	0	0	0	0	0	0
0	1	0	0	0	0	0	0
0	2	0	0	0	0	0	0
0	2	0	0	0	0	0	0
0	2	0	0	0	0	0	0
0	4	0	0	0	0	0	0
0	6	6	0	0	0	0	0
0	4	0	0	0	0	0	0
0	2	0	0	0	0	0	0
0	1	2	0	0	0	0	0
0	1	0	3	3	0	0	0
0	1	0	0	0	0	0	0
